1
100000000000000000000000000000
000100000000000000000000000000
010000000000000000000000000000

2
010000000000000000000000000000
000010000000000000000000000000
001000000000000000000000000000

3
001000000000000000000000000000
000001000000000000000000000000
000100000000000000000000000000

4
000100000000000000000000000000
000000100000000000000000000000
000010000000000000000000000000

5
000010000000000000000000000000
000000010000000000000000000000
000001000000000000000000000000

6
000001000000000000000000000000
000000001000000000000000000000
000000100000000000000000000000

7
000000100000000000000000000000
000000000100000000000000000000
000000010000000000000000000000

8
000000010000000000000000000000
000000000010000000000000000000
000000001000000000000000000000

9
000000001000000000000000000000
000000000001000000000000000000
000000000100000000000000000000

10
000000000100000000000000000000
000000000000100000000000000000
000000000010000000000000000000

11
000000000010000000000000000000
000000000000010000000000000000
000000000001000000000000000000

12
000000000001000000000000000000
000000000000001000000000000000
000000000000100000000000000000

13
000000000000100000000000000000
000000000000000100000000000000
000000000000010000000000000000

14
000000000000010000000000000000
000000000000000010000000000000
000000000000001000000000000000

15
000000000000001000000000000000
000000000000000001000000000000
000000000000000100000000000000

16
000000000000000100000000000000
000000000000000000100000000000
000000000000000010000000000000

17
000000000000000010000000000000
000000000000000000010000000000
000000000000000001000000000000

18
000000000000000001000000000000
000000000000000000001000000000
000000000000000000100000000000

19
000000000000000000100000000000
000000000000000000000100000000
000000000000000000010000000000

20
000000000000000000010000000000
000000000000000000000010000000
000000000000000000001000000000

21
000000000000000000001000000000
000000000000000000000001000000
000000000000000000000100000000

22
000000000000000000000100000000
000000000000000000000000100000
000000000000000000000010000000

23
000000000000000000000010000000
000000000000000000000000010000
000000000000000000000001000000

24
000000000000000000000001000000
000000000000000000000000001000
000000000000000000000000100000

25
000000000000000000000000100000
000000000000000000000000000100
000000000000000000000000010000

26
000000000000000000000000010000
000000000000000000000000000010
000000000000000000000000001000

27
000000000000000000000000001000
000000000000000000000000000001
000000000000000000000000000100

28
000000000000000000000000000100
000000000000000000000000000000
000000000000000000000000000010

29
000000000000000000000000000010
000000000000000000000000000000
000000000000000000000000000001

30
000000000000000000000000000001
000000000000000000000000000000
000000000000000000000000000000

31
000000000000000000000000000000
000000000000000000000000000000
000000000000000000000000000000

32
000000000000000000000000000000
000000000000000000000000000000
000000000000000000000000000000

32
000000000000000000000000000000
000000000000000000000000000000
000000000000000000000000000000

